1,0,0,0,0,1,0,0,0,0,1,0,0,0,0,1|-3.61999e-06,-3.61999e-06,1,0,-1,1.31043e-11,-3.61999e-06,0,0,-1,-3.61999e-06,0,0,0,0,1|-3.61999e-06,-3.61999e-06,1,0,3.61999e-06,-1,-3.61998e-06,0,1,3.61998e-06,3.62e-06,0,0,0,0,1|-3.61999e-06,-3.61999e-06,1,0,3.61999e-06,-1,-3.61998e-06,0,1,3.61998e-06,3.62e-06,0,0.25,9.04994e-07,9.05001e-07,1|-3.61999e-06,-3.61999e-06,1,0,1,7.23997e-06,3.62002e-06,0,-7.23998e-06,1,3.61996e-06,0,0.25,9.04994e-07,9.05001e-07,1|-3.61999e-06,-3.61999e-06,1,0,1,7.23997e-06,3.62002e-06,0,-7.23998e-06,1,3.61996e-06,0,0.249998,0.250001,1.80999e-06,1||
1,0,0,0,0,1,0,0,0,0,1,0,0,0,0,1|-3.61999e-06,-3.61999e-06,1,0,-1,1.31043e-11,-3.61999e-06,0,0,-1,-3.61999e-06,0,0,0,0,1|-3.61999e-06,-3.61999e-06,1,0,3.61999e-06,-1,-3.61998e-06,0,1,3.61998e-06,3.62e-06,0,0,0,0,1|-3.61999e-06,-3.61999e-06,1,0,3.61999e-06,-1,-3.61998e-06,0,1,3.61998e-06,3.62e-06,0,0.25,9.04994e-07,9.05001e-07,1|0.852106,4.27465e-06,0.52337,0,0.52337,6.87378e-06,-0.852106,0,-7.23998e-06,1,3.61996e-06,0,0.25,9.04994e-07,9.05001e-07,1|0.852106,4.27465e-06,0.52337,0,0.52337,6.87378e-06,-0.852106,0,-7.23998e-06,1,3.61996e-06,0,0.249998,0.250001,1.80999e-06,1||
1,0,0,0,0,1,0,0,0,0,1,0,0,0,0,1|-3.61999e-06,-3.61999e-06,1,0,-1,1.31043e-11,-3.61999e-06,0,0,-1,-3.61999e-06,0,0,0,0,1|-3.61999e-06,-3.61999e-06,1,0,3.61999e-06,-1,-3.61998e-06,0,1,3.61998e-06,3.62e-06,0,0,0,0,1|-3.61999e-06,-3.61999e-06,1,0,3.61999e-06,-1,-3.61998e-06,0,1,3.61998e-06,3.62e-06,0,0.25,9.04994e-07,9.05001e-07,1|0.852106,4.27465e-06,0.52337,0,0.52337,6.87378e-06,-0.852106,0,-7.23998e-06,1,3.61996e-06,0,0.25,9.04994e-07,9.05001e-07,1|0.852106,4.27465e-06,0.52337,0,0.52337,6.87378e-06,-0.852106,0,-7.23998e-06,1,3.61996e-06,0,0.249998,0.250001,1.80999e-06,1||
1,0,0,0,0,1,0,0,0,0,1,0,0,0,0,1|-3.61999e-06,-3.61999e-06,1,0,-1,1.31043e-11,-3.61999e-06,0,0,-1,-3.61999e-06,0,0,0,0,1|-3.61999e-06,-3.61999e-06,1,0,3.61999e-06,-1,-3.61998e-06,0,1,3.61998e-06,3.62e-06,0,0,0,0,1|-3.61999e-06,-3.61999e-06,1,0,3.61999e-06,-1,-3.61998e-06,0,1,3.61998e-06,3.62e-06,0,0.25,9.04994e-07,9.05001e-07,1|-0.958017,-7.97391e-06,0.286713,0,0.286713,-1.39219e-06,0.958016,0,-7.23998e-06,1,3.61996e-06,0,0.25,9.04994e-07,9.05001e-07,1|-0.958017,-7.97391e-06,0.286713,0,0.286713,-1.39219e-06,0.958016,0,-7.23998e-06,1,3.61996e-06,0,0.249998,0.250001,1.80999e-06,1||
1,0,0,0,0,1,0,0,0,0,1,0,0,0,0,1|-3.61999e-06,-3.61999e-06,1,0,-1,1.31043e-11,-3.61999e-06,0,0,-1,-3.61999e-06,0,0,0,0,1|-3.61999e-06,-3.61999e-06,1,0,3.61999e-06,-1,-3.61998e-06,0,1,3.61998e-06,3.62e-06,0,0,0,0,1|-3.61999e-06,-3.61999e-06,1,0,3.61999e-06,-1,-3.61998e-06,0,1,3.61998e-06,3.62e-06,0,0.25,9.04994e-07,9.05001e-07,1|0.993868,6.79531e-06,0.110575,0,0.110575,4.39832e-06,-0.993868,0,-7.23998e-06,1,3.61996e-06,0,0.25,9.04994e-07,9.05001e-07,1|0.993868,6.79531e-06,0.110575,0,0.110575,4.39832e-06,-0.993868,0,-7.23998e-06,1,3.61996e-06,0,0.249998,0.250001,1.80999e-06,1||
1,0,0,0,0,1,0,0,0,0,1,0,0,0,0,1|-3.61999e-06,-3.61999e-06,1,0,-1,1.31043e-11,-3.61999e-06,0,0,-1,-3.61999e-06,0,0,0,0,1|-3.61999e-06,-3.61999e-06,1,0,3.61999e-06,-1,-3.61998e-06,0,1,3.61998e-06,3.62e-06,0,0,0,0,1|-3.61999e-06,-3.61999e-06,1,0,3.61999e-06,-1,-3.61998e-06,0,1,3.61998e-06,3.62e-06,0,0.25,9.04994e-07,9.05001e-07,1|-0.810499,-7.98835e-06,0.585741,0,0.585741,1.30677e-06,0.810498,0,-7.23998e-06,1,3.61996e-06,0,0.25,9.04994e-07,9.05001e-07,1|-0.810499,-7.98835e-06,0.585741,0,0.585741,1.30677e-06,0.810498,0,-7.23998e-06,1,3.61996e-06,0,0.249998,0.250001,1.80999e-06,1||
1,0,0,0,0,1,0,0,0,0,1,0,0,0,0,1|-3.61999e-06,-3.61999e-06,1,0,-1,1.31043e-11,-3.61999e-06,0,0,-1,-3.61999e-06,0,0,0,0,1|-3.61999e-06,-3.61999e-06,1,0,3.61999e-06,-1,-3.61998e-06,0,1,3.61998e-06,3.62e-06,0,0,0,0,1|-3.61999e-06,-3.61999e-06,1,0,3.61999e-06,-1,-3.61998e-06,0,1,3.61998e-06,3.62e-06,0,0.25,9.04994e-07,9.05001e-07,1|0.942487,5.61365e-06,0.334242,0,0.334242,5.83168e-06,-0.942487,0,-7.23998e-06,1,3.61996e-06,0,0.25,9.04994e-07,9.05001e-07,1|0.942487,5.61365e-06,0.334242,0,0.334242,5.83168e-06,-0.942487,0,-7.23998e-06,1,3.61996e-06,0,0.249998,0.250001,1.80999e-06,1||
1,0,0,0,0,1,0,0,0,0,1,0,0,0,0,1|-3.61999e-06,-3.61999e-06,1,0,-1,1.31043e-11,-3.61999e-06,0,0,-1,-3.61999e-06,0,0,0,0,1|-3.61999e-06,-3.61999e-06,1,0,3.61999e-06,-1,-3.61998e-06,0,1,3.61998e-06,3.62e-06,0,0,0,0,1|-3.61999e-06,-3.61999e-06,1,0,3.61999e-06,-1,-3.61998e-06,0,1,3.61998e-06,3.62e-06,0,0.25,9.04994e-07,9.05001e-07,1|-0.858116,-4.35405e-06,-0.513456,0,-0.513456,-6.82376e-06,0.858116,0,-7.23998e-06,1,3.61996e-06,0,0.25,9.04994e-07,9.05001e-07,1|-0.858116,-4.35405e-06,-0.513456,0,-0.513456,-6.82376e-06,0.858116,0,-7.23998e-06,1,3.61996e-06,0,0.249998,0.250001,1.80999e-06,1||
1,0,0,0,0,1,0,0,0,0,1,0,0,0,0,1|-3.61999e-06,-3.61999e-06,1,0,-1,1.31043e-11,-3.61999e-06,0,0,-1,-3.61999e-06,0,0,0,0,1|-3.61999e-06,-3.61999e-06,1,0,3.61999e-06,-1,-3.61998e-06,0,1,3.61998e-06,3.62e-06,0,0,0,0,1|-3.61999e-06,-3.61999e-06,1,0,3.61999e-06,-1,-3.61998e-06,0,1,3.61998e-06,3.62e-06,0,0.25,9.04994e-07,9.05001e-07,1|0.971147,6.1678e-06,0.238481,0,0.238481,5.24211e-06,-0.971147,0,-7.23998e-06,1,3.61996e-06,0,0.25,9.04994e-07,9.05001e-07,1|0.971147,6.1678e-06,0.238481,0,0.238481,5.24211e-06,-0.971147,0,-7.23998e-06,1,3.61996e-06,0,0.249998,0.250001,1.80999e-06,1||
1,0,0,0,0,1,0,0,0,0,1,0,0,0,0,1|-3.61999e-06,-3.61999e-06,1,0,-1,1.31043e-11,-3.61999e-06,0,0,-1,-3.61999e-06,0,0,0,0,1|-3.61999e-06,-3.61999e-06,1,0,3.61999e-06,-1,-3.61998e-06,0,1,3.61998e-06,3.62e-06,0,0,0,0,1|-3.61999e-06,-3.61999e-06,1,0,3.61999e-06,-1,-3.61998e-06,0,1,3.61998e-06,3.62e-06,0,0.25,9.04994e-07,9.05001e-07,1|0.314563,-1.15877e-06,0.949236,0,0.949237,8.01116e-06,-0.314563,0,-7.23998e-06,1,3.61996e-06,0,0.25,9.04994e-07,9.05001e-07,1|0.314563,-1.15877e-06,0.949236,0,0.949237,8.01116e-06,-0.314563,0,-7.23998e-06,1,3.61996e-06,0,0.249998,0.250001,1.80999e-06,1||
1,0,0,0,0,1,0,0,0,0,1,0,0,0,0,1|-3.61999e-06,-3.61999e-06,1,0,-1,1.31043e-11,-3.61999e-06,0,0,-1,-3.61999e-06,0,0,0,0,1|-3.61999e-06,-3.61999e-06,1,0,3.61999e-06,-1,-3.61998e-06,0,1,3.61998e-06,3.62e-06,0,0,0,0,1|-3.61999e-06,-3.61999e-06,1,0,3.61999e-06,-1,-3.61998e-06,0,1,3.61998e-06,3.62e-06,0,0.25,9.04994e-07,9.05001e-07,1|0.770736,3.27364e-06,0.637154,0,0.637154,7.40302e-06,-0.770736,0,-7.23998e-06,1,3.61996e-06,0,0.25,9.04994e-07,9.05001e-07,1|0.770736,3.27364e-06,0.637154,0,0.637154,7.40302e-06,-0.770736,0,-7.23998e-06,1,3.61996e-06,0,0.249998,0.250001,1.80999e-06,1||
1,0,0,0,0,1,0,0,0,0,1,0,0,0,0,1|-3.61999e-06,-3.61999e-06,1,0,-1,1.31043e-11,-3.61999e-06,0,0,-1,-3.61999e-06,0,0,0,0,1|-3.61999e-06,-3.61999e-06,1,0,3.61999e-06,-1,-3.61998e-06,0,1,3.61998e-06,3.62e-06,0,0,0,0,1|-3.61999e-06,-3.61999e-06,1,0,3.61999e-06,-1,-3.61998e-06,0,1,3.61998e-06,3.62e-06,0,0.25,9.04994e-07,9.05001e-07,1|-0.352277,-5.93839e-06,0.935896,0,0.935896,5.50063e-06,0.352277,0,-7.23998e-06,1,3.61996e-06,0,0.25,9.04994e-07,9.05001e-07,1|-0.352277,-5.93839e-06,0.935896,0,0.935896,5.50063e-06,0.352277,0,-7.23998e-06,1,3.61996e-06,0,0.249998,0.250001,1.80999e-06,1||
1,0,0,0,0,1,0,0,0,0,1,0,0,0,0,1|-3.61999e-06,-3.61999e-06,1,0,-1,1.31043e-11,-3.61999e-06,0,0,-1,-3.61999e-06,0,0,0,0,1|-3.61999e-06,-3.61999e-06,1,0,3.61999e-06,-1,-3.61998e-06,0,1,3.61998e-06,3.62e-06,0,0,0,0,1|-3.61999e-06,-3.61999e-06,1,0,3.61999e-06,-1,-3.61998e-06,0,1,3.61998e-06,3.62e-06,0,0.25,9.04994e-07,9.05001e-07,1|0.30029,-1.2788e-06,0.953848,0,0.953848,7.99288e-06,-0.30029,0,-7.23998e-06,1,3.61996e-06,0,0.25,9.04994e-07,9.05001e-07,1|0.30029,-1.2788e-06,0.953848,0,0.953848,7.99288e-06,-0.30029,0,-7.23998e-06,1,3.61996e-06,0,0.249998,0.250001,1.80999e-06,1||
1,0,0,0,0,1,0,0,0,0,1,0,0,0,0,1|-3.61999e-06,-3.61999e-06,1,0,-1,1.31043e-11,-3.61999e-06,0,0,-1,-3.61999e-06,0,0,0,0,1|-3.61999e-06,-3.61999e-06,1,0,3.61999e-06,-1,-3.61998e-06,0,1,3.61998e-06,3.62e-06,0,0,0,0,1|-3.61999e-06,-3.61999e-06,1,0,3.61999e-06,-1,-3.61998e-06,0,1,3.61998e-06,3.62e-06,0,0.25,9.04994e-07,9.05001e-07,1|-0.421413,-6.33386e-06,0.906869,0,0.906869,5.04021e-06,0.421413,0,-7.23998e-06,1,3.61996e-06,0,0.25,9.04994e-07,9.05001e-07,1|-0.421413,-6.33386e-06,0.906869,0,0.906869,5.04021e-06,0.421413,0,-7.23998e-06,1,3.61996e-06,0,0.249998,0.250001,1.80999e-06,1||
1,0,0,0,0,1,0,0,0,0,1,0,0,0,0,1|-3.61999e-06,-3.61999e-06,1,0,-1,1.31043e-11,-3.61999e-06,0,0,-1,-3.61999e-06,0,0,0,0,1|-3.61999e-06,-3.61999e-06,1,0,3.61999e-06,-1,-3.61998e-06,0,1,3.61998e-06,3.62e-06,0,0,0,0,1|-3.61999e-06,-3.61999e-06,1,0,3.61999e-06,-1,-3.61998e-06,0,1,3.61998e-06,3.62e-06,0,0.25,9.04994e-07,9.05001e-07,1|0.305055,-1.23882e-06,0.952335,0,0.952335,7.99917e-06,-0.305055,0,-7.23998e-06,1,3.61996e-06,0,0.25,9.04994e-07,9.05001e-07,1|0.305055,-1.23882e-06,0.952335,0,0.952335,7.99917e-06,-0.305055,0,-7.23998e-06,1,3.61996e-06,0,0.249998,0.250001,1.80999e-06,1||
1,0,0,0,0,1,0,0,0,0,1,0,0,0,0,1|-3.61999e-06,-3.61999e-06,1,0,-1,1.31043e-11,-3.61999e-06,0,0,-1,-3.61999e-06,0,0,0,0,1|-3.61999e-06,-3.61999e-06,1,0,3.61999e-06,-1,-3.61998e-06,0,1,3.61998e-06,3.62e-06,0,0,0,0,1|-3.61999e-06,-3.61999e-06,1,0,3.61999e-06,-1,-3.61998e-06,0,1,3.61998e-06,3.62e-06,0,0.25,9.04994e-07,9.05001e-07,1|-0.134594,-4.56148e-06,0.990901,0,0.990901,6.68688e-06,0.134594,0,-7.23998e-06,1,3.61996e-06,0,0.25,9.04994e-07,9.05001e-07,1|-0.134594,-4.56148e-06,0.990901,0,0.990901,6.68688e-06,0.134594,0,-7.23998e-06,1,3.61996e-06,0,0.249998,0.250001,1.80999e-06,1||
1,0,0,0,0,1,0,0,0,0,1,0,0,0,0,1|-3.61999e-06,-3.61999e-06,1,0,-1,1.31043e-11,-3.61999e-06,0,0,-1,-3.61999e-06,0,0,0,0,1|-3.61999e-06,-3.61999e-06,1,0,3.61999e-06,-1,-3.61998e-06,0,1,3.61998e-06,3.62e-06,0,0,0,0,1|-3.61999e-06,-3.61999e-06,1,0,3.61999e-06,-1,-3.61998e-06,0,1,3.61998e-06,3.62e-06,0,0.25,9.04994e-07,9.05001e-07,1|0.492531,4.15483e-07,0.870295,0,0.870295,8.08386e-06,-0.492531,0,-7.23998e-06,1,3.61996e-06,0,0.25,9.04994e-07,9.05001e-07,1|0.492531,4.15483e-07,0.870295,0,0.870295,8.08386e-06,-0.492531,0,-7.23998e-06,1,3.61996e-06,0,0.249998,0.250001,1.80999e-06,1||
